$ANSIBLE_VAULT;1.1;AES256
63333964626464346139613865336561653165633265383837353536613339336439376334326430
3363343330366564303636636639643239386538396531610a316236616537316332653633333562
65646261626265313664656439623332653565663134353632613730323332383832336665333133
3534613330356162630a613066356566313831353934616530333630356230656233383838633535
35353962316637303835666439393830623330333163663833353561623463366431663733653032
65613135353434646461656638613561376335666435643065336562363430393730376164646137
35643565633335343634323537313039643934333630666435613932343465393766346538303535
39346263376662643566313337383864613036343633343332653132616365316336633365393637
62306262363761356466353833643866303161313866626331643231316631306132656137373466
31626430383733656234663564303466626232366464396261646261363262633634353263386461
32353537386136616565323235643131646539373833396636333864353037316134383535636233
31663239313934643065386465333666666562326230653034623565653035323732626661633937
61306164623862656637303935663038613961376636323235393935306361613038
